'Tiw'	'ML000001'	'20131104'
'MrFoxy'	'ML000003'	'20161223'
